PASSOS PARA A SOLUCAO:
7 2 4
5 0 6
8 3 1
======
7 2 4
0 5 6
8 3 1
======
0 2 4
7 5 6
8 3 1
======
2 0 4
7 5 6
8 3 1
======
2 5 4
7 0 6
8 3 1
======
2 5 4
7 3 6
8 0 1
======
2 5 4
7 3 6
0 8 1
======
2 5 4
0 3 6
7 8 1
======
2 5 4
3 0 6
7 8 1
======
2 5 4
3 6 0
7 8 1
======
2 5 0
3 6 4
7 8 1
======
2 0 5
3 6 4
7 8 1
======
0 2 5
3 6 4
7 8 1
======
3 2 5
0 6 4
7 8 1
======
3 2 5
6 0 4
7 8 1
======
3 2 5
6 4 0
7 8 1
======
3 2 5
6 4 1
7 8 0
======
3 2 5
6 4 1
7 0 8
======
3 2 5
6 4 1
0 7 8
======
3 2 5
0 4 1
6 7 8
======
3 2 5
4 0 1
6 7 8
======
3 2 5
4 1 0
6 7 8
======
3 2 0
4 1 5
6 7 8
======
3 0 2
4 1 5
6 7 8
======
3 1 2
4 0 5
6 7 8
======
3 1 2
0 4 5
6 7 8
======
0 1 2
3 4 5
6 7 8
======

TOTAL DE PASSOS: 27
TEMPO (nós criados): 59457 --> 730.7192101478577ms
ESPACO (nós armazenados): 13764